0 12
0 14
0 15
0 20
0 21
0 32
0 33
0 34
0 41
0 42
0 45
0 50
0 51
0 52
1 12
1 15
1 19
1 22
1 31
1 35
1 39
1 40
1 41
1 42
1 46
1 50
1 53
2 7
2 8
2 12
2 13
2 14
2 15
2 19
2 22
2 27
2 28
2 32
2 33
2 34
2 38
2 39
2 46
2 51
2 53
2 55
2 56
2 60
2 62
2 63
2 70
2 71
3 10
3 11
3 12
3 13
3 14
3 15
3 19
3 22
3 27
3 28
3 29
3 31
3 38
3 41
3 45
3 51
3 57
3 61
3 62
3 64
3 70
3 71
4 0
4 2
4 5
4 7
4 8
4 10
4 11
4 15
4 20
4 21
4 29
4 32
4 39
4 41
4 50
4 53
4 55
4 56
4 64
5 5
5 7
5 11
5 12
5 13
5 15
5 32
5 40
5 51
5 53
5 54
6 0
6 2
6 12
6 14
6 39
6 40
6 41
6 42
6 51
6 70
7 14
7 15
7 19
7 25
7 26
7 31
7 39
7 40
7 43
7 46
7 56
7 70
8 5
8 6
8 7
8 14
8 18
8 20
8 24
8 28
8 29
8 30
8 34
8 35
8 37
8 42
8 46
8 47
8 53
9 8
9 10
9 11
9 13
9 14
9 18
9 22
9 23
9 31
9 33
9 36
9 37
9 39
9 40
9 42
9 46
9 47
9 48
9 54
9 56
10 6
10 7
10 9
10 12
10 26
10 27
10 31
10 35
10 36
10 37
10 39
10 40
10 47
10 48
10 55
11 7
11 11
11 19
11 21
11 23
11 25
11 26
11 34
11 35
11 36
11 40
12 8
12 9
12 10
12 18
12 19
12 20
12 23
12 26
12 28
12 29
12 31
12 32
12 33
12 40
12 64
12 72
12 73
13 17
13 19
13 24
13 26
13 27
13 28
13 30
13 40
13 65
13 72
13 73
14 16
14 19
14 23
14 30
14 63
14 66
15 24
16 14
16 15
16 17
16 18
16 19
16 25
16 30
16 66
17 18
17 20
17 30
17 32
17 66
17 67
17 68
18 17
18 20
18 21
18 25
18 26
18 28
18 30
18 31
18 32
18 33
18 34
18 35
18 63
18 69
19 12
19 13
19 18
19 19
19 23
19 30
19 34
19 35
19 37
19 38
19 39
19 40
19 53
19 64
19 68
19 70
20 11
20 14
20 18
20 21
20 25
20 27
20 30
20 31
20 32
20 35
20 38
20 40
20 41
20 49
20 50
20 52
20 54
20 65
20 66
20 70
21 10
21 14
21 22
21 23
21 24
21 26
21 33
21 39
21 42
21 48
21 50
21 52
21 54
21 66
21 68
21 71
22 10
22 33
22 35
22 36
22 40
22 41
22 48
22 50
22 52
22 53
22 54
22 70
23 10
23 11
23 12
23 14
23 15
23 37
23 49
23 54
23 55
23 56
23 65
23 67
23 68
23 69
24 11
24 30
24 34
24 36
24 37
24 55
24 56
24 66
25 13
25 15
25 19
25 20
25 21
25 26
25 27
25 32
25 40
25 52
25 53
25 54
25 57
26 12
26 15
26 16
26 19
26 27
26 28
26 38
26 39
26 40
26 50
26 51
26 52
26 53
26 54
26 55
26 56
26 57
26 58
26 59
26 60
26 67
26 68
27 13
27 16
27 19
27 21
27 24
27 25
27 27
27 38
27 39
27 41
27 49
27 50
27 52
27 53
27 66
27 69
28 12
28 15
28 20
28 21
28 26
28 37
28 39
28 40
28 52
28 53
28 65
28 66
28 68
28 69
29 8
29 12
29 14
29 21
29 22
29 36
29 37
29 38
29 40
29 68
29 69
30 7
30 8
30 9
30 12
30 13
30 14
30 19
30 20
30 21
30 29
30 31
30 36
30 37
30 38
30 48
30 52
30 53
30 67
30 72
30 73
31 9
31 22
31 28
31 30
31 31
31 36
31 42
31 43
31 47
31 54
31 67
31 72
31 73
32 0
32 1
32 6
32 7
32 8
32 18
32 37
32 39
32 42
32 43
32 49
32 50
32 51
32 52
32 54
32 65
32 66
33 0
33 1
33 11
33 12
33 13
33 16
33 18
33 19
33 36
33 46
33 47
33 48
33 49
33 52
33 54
33 55
33 65
33 66
33 67
34 11
34 12
34 13
34 15
34 17
34 23
34 27
34 45
34 46
34 51
35 13
35 14
35 15
35 17
35 18
35 20
35 21
35 36
35 39
35 44
35 45
35 50
35 51
36 4
36 5
36 14
36 15
36 17
36 18
36 20
36 21
36 23
36 25
36 27
36 28
36 30
36 36
36 39
36 45
36 49
36 50
36 62
37 2
37 5
37 23
37 25
37 28
37 31
37 33
37 34
37 36
37 38
37 58
37 59
37 60
37 61
37 63
38 1
38 5
38 18
38 26
38 28
38 29
38 30
38 35
38 61
38 63
38 64
39 1
39 4
39 17
39 18
39 21
39 27
39 58
39 60
39 62
39 63
39 64
39 65
39 67
40 1
40 3
40 17
40 18
40 19
40 24
40 25
40 26
40 30
40 57
40 58
40 67
41 15
41 20
41 22
41 23
41 24
41 28
41 30
41 32
41 33
41 37
41 38
41 39
41 51
41 56
41 65
41 66
41 67
41 72
41 73
42 19
42 20
42 21
42 26
42 28
42 30
42 41
42 42
42 43
42 51
43 4
43 5
43 6
43 15
43 26
43 27
43 28
43 30
43 34
43 39
43 40
43 41
43 42
43 43
43 59
43 65
43 72
43 73
44 3
44 7
44 28
44 29
44 31
44 32
44 34
44 39
44 44
44 45
44 56
44 59
44 63
44 65
44 69
44 70
44 71
45 3
45 7
45 8
45 33
45 38
45 40
45 41
45 42
45 58
45 59
45 63
45 65
45 69
45 70
45 71
46 3
46 8
46 25
46 26
46 37
46 38
46 40
46 45
46 69
46 70
47 6
47 26
47 38
47 39
47 41
47 42
47 43
47 44
47 70
48 6
48 11
48 12
48 13
48 26
48 29
48 39
48 54
48 55
48 56
48 69
48 70
49 3
49 6
49 10
49 13
49 23
49 24
49 27
49 28
49 49
49 50
49 51
49 53
49 54
49 55
49 56
49 68
49 71
50 3
50 6
50 8
50 9
50 10
50 11
50 12
50 35
50 46
50 57
50 68
50 70
50 71
51 4
51 5
51 9
51 12
51 15
51 23
51 24
51 29
51 34
51 38
51 45
51 56
51 67
51 70
51 71
52 10
52 11
52 12
52 14
52 17
52 28
52 29
52 34
52 36
52 37
52 39
52 40
52 45
52 53
52 67
52 68
52 70
53 11
53 30
53 31
53 33
53 34
53 35
53 36
53 37
53 39
53 40
53 44
53 57
53 69
54 10
54 11
54 13
54 16
54 18
54 30
54 31
54 37
54 39
54 41
54 45
54 54
54 57
54 69
55 13
55 14
55 15
55 17
55 18
55 19
55 31
55 39
55 40
55 41
55 42
55 45
55 46
55 50
55 54
55 56
55 68
55 69
56 12
56 13
56 17
56 20
56 22
56 23
56 31
56 35
56 36
56 37
56 41
56 44
56 46
56 54
56 55
56 68
56 69
57 18
57 19
57 22
57 23
57 37
57 40
57 41
57 44
57 46
57 47
58 21
58 22
58 41
58 44
59 41
59 43
59 44
59 47
60 0
60 1
60 9
60 38
60 43
60 47
61 5
61 6
61 8
61 10
61 26
61 27
61 28
61 38
61 39
61 40
61 45
61 46
61 67
62 0
62 11
62 20
62 21
62 22
62 23
62 27
62 30
62 66
62 68
63 2
63 7
63 8
63 11
63 16
63 17
63 19
63 22
63 26
63 27
63 29
63 31
63 32
63 39
63 40
63 41
63 42
63 43
63 67
63 68
64 6
64 7
64 11
64 12
64 17
64 22
64 24
64 25
64 26
64 28
64 38
64 40
64 41
64 42
64 43
64 44
64 49
64 61
65 2
65 5
65 9
65 11
65 12
65 13
65 16
65 17
65 19
65 21
65 22
65 23
65 25
65 26
65 28
65 29
65 37
65 42
65 43
65 44
65 45
65 46
65 55
65 56
65 61
66 2
66 4
66 12
66 14
66 15
66 16
66 17
66 21
66 22
66 24
66 27
66 28
66 29
66 31
66 32
66 36
66 37
66 39
66 43
66 47
66 49
66 54
66 55
66 60
67 9
67 10
67 12
67 16
67 18
67 20
67 21
67 26
67 27
67 30
67 37
67 38
67 45
67 47
67 50
67 51
67 52
67 56
68 12
68 15
68 17
68 18
68 20
68 21
68 22
68 27
68 28
68 29
68 30
68 41
68 42
68 43
68 44
68 46
68 47
68 52
68 60
68 61
68 69
69 11
69 12
69 13
69 14
69 17
69 18
69 19
69 22
69 28
69 30
69 31
69 44
69 45
69 50
69 52
69 53
69 61
69 64
69 65
69 70
69 71
70 23
70 24
70 27
70 32
70 42
70 45
70 49
70 52
70 64
70 71
71 8
71 9
71 19
71 21
71 22
71 28
71 32
71 42
71 45
71 50
71 51
71 63
71 64
71 71
72 7
72 10
72 19
72 20
72 21
72 22
72 29
72 30
72 31
72 43
72 44
72 46
72 50
72 64
72 70
73 8
73 9
73 19
73 20
73 21
73 44
73 45
73 65
73 66
73 68
